   0.00000     0.1203E-04       0       0.0049       8.3849
   0.05000     0.1227E+00       0       0.4954       8.3723
   0.10000     0.4860E+00       0       0.9859       8.3352
   0.15000     0.1090E+01       0       1.4764       8.2735
   0.20000     0.1934E+01       0       1.9669       8.1873
   0.25000     0.3019E+01       0       2.4574       8.0766
   0.30000     0.4345E+01       0       2.9479       7.9413
   0.35000     0.5911E+01       0       3.4384       7.7815
   0.40000     0.7718E+01       0       3.9289       7.5972
   0.45000     0.9766E+01       0       4.4194       7.3884
   0.50000     0.1205E+02       0       4.9099       7.1550
   0.55000     0.1458E+02       0       5.4005       6.8971
   0.60000     0.1735E+02       0       5.8910       6.6147
   0.65000     0.2036E+02       0       6.3815       6.3078
   0.70000     0.2361E+02       0       6.8720       5.9763
   0.75000     0.2710E+02       0       7.3625       5.6203
   0.80000     0.3084E+02       0       7.8531       5.2398
   0.85000     0.3481E+02       0       8.3436       4.8348
   0.90000     0.3902E+02       0       8.8340       4.4052
   0.95000     0.4347E+02       0       9.3245       3.9511
   1.00000     0.4817E+02       0       9.8150       3.4725
   1.05000     0.5310E+02       0      10.3055       2.9694
   1.10000     0.5828E+02       0      10.7959       2.4417
   1.15000     0.6369E+02       0      11.2864       1.8896
   1.20000     0.6935E+02       0      11.7769       1.3129
   1.25000     0.7524E+02       0      12.2674       0.7116
   1.30000     0.8138E+02       0      12.7578       0.0859
   1.35000     0.6958E+02       0      11.7963       0.4963
   1.40000     0.6391E+02       0      11.3058       1.0737
   1.45000     0.5849E+02       0      10.8153       1.6266
   1.50000     0.5330E+02       0      10.3249       2.1550
   1.55000     0.4836E+02       0       9.8344       2.6588
   1.60000     0.4365E+02       0       9.3439       3.1382
   1.65000     0.3919E+02       0       8.8534       3.5930
   1.70000     0.3497E+02       0       8.3630       4.0233
   1.75000     0.3099E+02       0       7.8725       4.4290
   1.80000     0.2725E+02       0       7.3819       4.8103
   1.85000     0.2375E+02       0       6.8914       5.1670
   1.90000     0.2049E+02       0       6.4009       5.4992
   1.95000     0.1747E+02       0       5.9104       5.8068
