   0.00050     0.6462E-26       2       1       2.3316       0.5441       8.3849
   0.00050     0.6462E-26       2       2       3.8418       0.9338       8.4142
   0.00050     0.6462E-26       2       3       0.3242       0.3876       4.2487
   0.00050     0.6462E-26       2       4       1.0686       4.9352       8.4756
   0.00050     0.6462E-26       2       5       0.4529       2.0567       9.7879
   0.00050     0.6462E-26       2       6       3.0020       4.4212       6.6845
   0.00050     0.6462E-26       2       7       4.5739       1.5425       9.5593
   0.00050     0.6462E-26       2       8       1.7601       0.6582       9.2671
   0.00050     0.6462E-26       2       9       4.3568       3.0854       6.3706
   0.00050     0.6462E-26       2      10       1.1460       1.6217       4.8061
   0.00050     0.6462E-26       2      11       4.7644       1.9722       1.9873
   0.00050     0.6462E-26       2      12       4.7001       0.8030       0.4500
   0.00050     0.6462E-26       2      13       4.4453       2.0435       5.2132
   0.00050     0.6462E-26       2      14       2.0563       4.6199       6.5735
   0.00050     0.6462E-26       2      15       2.8126       2.3982       3.6193
   0.00050     0.6462E-26       2      16       1.1714       2.4932       2.5845
   0.00050     0.6462E-26       2      17       2.9579       0.3558       4.1535
   0.00050     0.6462E-26       2      18       3.7589       3.4807       8.5320
   0.00050     0.6462E-26       2      19       3.7005       1.8854       9.3404
   0.00050     0.6462E-26       2      20       3.4662       4.6027       4.8537
   0.00050     0.6462E-26       2      21       1.2361       0.4396       8.6392
   0.00050     0.6462E-26       2      22       2.9658       4.1786       8.0434
   0.00050     0.6462E-26       2      23       2.8056       1.7997       3.8153
   0.00050     0.6462E-26       2      24       1.8805       0.1016       6.0131
   0.00050     0.6462E-26       2      25       3.3288       0.1649       0.3696
   0.00050     0.6462E-26       2      26       4.3401       1.7939       0.9882
   0.00050     0.6462E-26       2      27       2.4155       1.4398       7.4110
   0.00050     0.6462E-26       2      28       2.7439       2.9479       7.3242
   0.00050     0.6462E-26       2      29       3.7148       4.6544       7.9291
   0.00050     0.6462E-26       2      30       2.2106       1.4135       5.6336
   0.00050     0.6462E-26       2      31       1.3767       2.0140       4.9995
   0.00050     0.6462E-26       2      32       3.5705       3.8936       8.5761
   0.00050     0.6462E-26       2      33       3.5965       3.5200       3.3236
   0.00050     0.6462E-26       2      34       3.4236       3.1059       4.8225
   0.00050     0.6462E-26       2      35       0.8060       2.7417       1.6488
   0.00050     0.6462E-26       2      36       1.9951       0.2333       0.4205
   0.00050     0.6462E-26       2      37       2.5121       2.1414       3.4904
   0.00050     0.6462E-26       2      38       4.6592       2.7374       6.2653
   0.00050     0.6462E-26       2      39       0.6829       4.8686       9.7819
   0.00050     0.6462E-26       2      40       1.2230       0.2345       5.0313
   0.00050     0.6462E-26       2      41       0.4455       0.6468       6.0583
   0.00050     0.6462E-26       2      42       0.6671       3.6488       2.1048
   0.00050     0.6462E-26       2      43       2.9521       3.4882       7.9765
   0.00050     0.6462E-26       2      44       4.2019       2.0439       5.3790
   0.00050     0.6462E-26       2      45       4.7400       2.3196       4.4605
   0.00050     0.6462E-26       2      46       0.0767       4.6972       1.2516
   0.00050     0.6462E-26       2      47       1.7263       4.5481       7.2614
   0.00050     0.6462E-26       2      48       2.0831       1.4678       3.3167
   0.00050     0.6462E-26       2      49       1.1825       4.0405       6.9515
   0.00050     0.6462E-26       2      50       2.9227       3.5259       4.4963
   0.00050     0.6462E-26       2      51       1.2847       3.5848       2.4609
   0.00050     0.6462E-26       2      52       2.4666       4.7516       1.9514
   0.00050     0.6462E-26       2      53       2.6103       2.3177       3.0423
   0.00050     0.6462E-26       2      54       0.4251       2.7057       9.7833
   0.00050     0.6462E-26       2      55       1.4339       3.2704       5.8776
   0.00050     0.6462E-26       2      56       4.1057       2.6423       8.6377
   0.00050     0.6462E-26       2      57       2.5977       3.1658       3.2988
   0.00050     0.6462E-26       2      58       4.3763       1.6534       4.3313
   0.00050     0.6462E-26       2      59       3.0547       3.4841       5.5654
   0.00050     0.6462E-26       2      60       2.7880       4.7942       9.8510
   0.00050     0.6462E-26       2      61       2.5026       4.6390       5.1302
   0.00050     0.6462E-26       2      62       3.5862       1.5419       1.0436
   0.00050     0.6462E-26       2      63       2.8099       0.4926       8.3213
   0.00050     0.6462E-26       2      64       4.9287       1.3564       0.1820
   0.00050     0.6462E-26       2      65       0.5092       4.4887       8.2559
   0.00050     0.6462E-26       2      66       3.6609       3.2867       2.9236
   0.00050     0.6462E-26       2      67       4.7775       2.8676       0.1804
   0.00050     0.6462E-26       2      68       0.0703       1.5698       2.7888
   0.00050     0.6462E-26       2      69       4.3215       0.1744       5.4261
   0.00050     0.6462E-26       2      70       1.3915       2.8645       0.5385
   0.00050     0.6462E-26       2      71       3.1832       0.9964       1.0431
   0.00050     0.6462E-26       2      72       1.9342       0.5951       4.5355
   0.00050     0.6462E-26       2      73       2.3852       3.8754       7.0738
   0.00050     0.6462E-26       2      74       4.2483       3.4703       7.6997
   0.00050     0.6462E-26       2      75       1.9657       2.5599       3.6956
   0.00050     0.6462E-26       2      76       2.0500       3.9123       1.9356
   0.00050     0.6462E-26       2      77       4.2006       3.0735       8.9149
   0.00050     0.6462E-26       2      78       3.5857       0.7716       8.8344
   0.00050     0.6462E-26       2      79       3.7228       2.5989       3.8110
   0.00050     0.6462E-26       2      80       0.6597       4.8429       8.3399
   0.00050     0.6462E-26       2      81       3.3380       1.6223       3.4057
   0.00050     0.6462E-26       2      82       4.7206       4.7489       3.7321
   0.00050     0.6462E-26       2      83       1.4885       1.5668       0.8461
   0.00050     0.6462E-26       2      84       1.4578       0.5983       9.8617
   0.00050     0.6462E-26       2      85       2.4028       2.1804       3.7978
   0.00050     0.6462E-26       2      86       0.9050       3.0773       1.5339
   0.00050     0.6462E-26       2      87       1.4462       3.9603       1.2385
   0.00050     0.6462E-26       2      88       1.5704       2.2800       4.3037
   0.00050     0.6462E-26       2      89       1.4060       4.4423       7.9712
   0.00050     0.6462E-26       2      90       0.2642       1.0759       1.0808
   0.00050     0.6462E-26       2      91       3.0765       0.3824       0.7627
   0.00050     0.6462E-26       2      92       4.6887       2.1799       7.9070
   0.00050     0.6462E-26       2      93       1.8189       4.5222       7.3576
   0.00050     0.6462E-26       2      94       2.2752       3.1330       5.9377
   0.00050     0.6462E-26       2      95       1.7065       0.2945       2.3228
   0.00050     0.6462E-26       2      96       1.8263       0.3794       3.3270
   0.00050     0.6462E-26       2      97       3.5719       3.8335       5.7320
   0.00050     0.6462E-26       2      98       0.1977       1.8944       9.3700
   0.00050     0.6462E-26       2      99       0.2352       1.3917       1.7208
   0.00050     0.6462E-26       2     100       3.8447       0.6042       5.1309
   0.00050     0.6462E-26       2     101       0.4972       3.1272       2.8141
   0.00050     0.6462E-26       2     102       0.7516       1.9051       3.3246
   0.00050     0.6462E-26       2     103       3.0165       2.9609       3.7700
   0.00050     0.6462E-26       2     104       2.3689       3.7150       4.3213
   0.00050     0.6462E-26       2     105       1.7383       4.4772       9.9375
   0.00050     0.6462E-26       2     106       0.2994       3.1920       3.0367
   0.00050     0.6462E-26       2     107       4.5746       3.7794       8.7016
   0.00050     0.6462E-26       2     108       4.9170       3.5861       5.3025
   0.00050     0.6462E-26       2     109       3.0927       1.1249       3.0917
   0.00050     0.6462E-26       2     110       3.9917       2.9548       1.8530
   0.00050     0.6462E-26       2     111       2.9518       0.7063       1.5386
   0.00050     0.6462E-26       2     112       0.4282       3.5194       8.6008
   0.00050     0.6462E-26       2     113       4.4383       1.3668       7.2820
   0.00050     0.6462E-26       2     114       2.6988       3.1312       8.5215
   0.00050     0.6462E-26       2     115       2.8245       4.2472       4.0827
   0.00050     0.6462E-26       2     116       0.7209       2.6533       9.0653
   0.00050     0.6462E-26       2     117       2.2807       4.7451       0.3672
   0.00050     0.6462E-26       2     118       4.3926       4.7833       8.2162
   0.00050     0.6462E-26       2     119       3.8942       3.1378       4.2337
   0.00050     0.6462E-26       2     120       3.0366       1.4128       3.7801
   0.00050     0.6462E-26       2     121       4.4899       0.8870       6.8215
   0.00050     0.6462E-26       2     122       1.1978       4.7366       9.2489
   0.00050     0.6462E-26       2     123       0.1917       0.5863       5.1998
   0.00050     0.6462E-26       2     124       4.4576       3.8361       4.7076
   0.00050     0.6462E-26       2     125       0.7587       1.4982       8.9459
   0.00050     0.6462E-26       2     126       3.1351       2.6582       2.2229
   0.00050     0.6462E-26       2     127       1.9050       4.8414       6.8028
   0.00050     0.6462E-26       2     128       0.9404       0.9227       8.2947
   0.00050     0.6462E-26       2     129       3.2264       1.3652       1.5913
   0.00050     0.6462E-26       2     130       1.6596       0.0876       3.3049
   0.00050     0.6462E-26       2     131       0.5197       1.6150       2.3235
   0.00050     0.6462E-26       2     132       2.8876       1.9698       7.3722
   0.00050     0.6462E-26       2     133       2.0041       2.2353       9.3810
   0.00050     0.6462E-26       2     134       2.0392       3.0319       6.5377
   0.00050     0.6462E-26       2     135       3.0742       1.4665       3.8477
   0.00050     0.6462E-26       2     136       0.4225       2.4183       4.5677
   0.00050     0.6462E-26       2     137       2.1123       2.1335       0.5608
   0.00050     0.6462E-26       2     138       4.0164       0.5274       1.6459
   0.00050     0.6462E-26       2     139       1.2985       1.5142       7.2349
   0.00050     0.6462E-26       2     140       4.3519       3.6980       7.7922
   0.00050     0.6462E-26       2     141       0.4729       3.4895       2.1675
   0.00050     0.6462E-26       2     142       2.9760       3.3193       1.3935
   0.00050     0.6462E-26       2     143       0.0653       2.6789       7.0571
   0.00050     0.6462E-26       2     144       1.2009       1.1536       4.4251
   0.00050     0.6462E-26       2     145       0.9528       2.4099       5.6256
   0.00050     0.6462E-26       2     146       3.0099       1.5695       5.5275
   0.00050     0.6462E-26       2     147       3.8116       2.8052       8.7761
   0.00050     0.6462E-26       2     148       0.9035       2.4885       1.3874
   0.00050     0.6462E-26       2     149       3.6494       0.1847       7.3623
   0.00050     0.6462E-26       2     150       0.7105       3.7650       3.6422
   0.00050     0.6462E-26       2     151       4.7630       2.0018       2.8239
   0.00050     0.6462E-26       2     152       1.8097       1.7092       6.6052
   0.00050     0.6462E-26       2     153       3.1796       1.0485       1.1202
   0.00050     0.6462E-26       2     154       4.0531       4.8831       3.3728
   0.00050     0.6462E-26       2     155       3.3482       1.9801       3.8434
   0.00050     0.6462E-26       2     156       3.7715       2.0181       9.3953
   0.00050     0.6462E-26       2     157       0.6546       2.2331       6.7558
   0.00050     0.6462E-26       2     158       3.6218       0.9267       9.4407
   0.00050     0.6462E-26       2     159       2.1330       0.6607       0.6480
   0.00050     0.6462E-26       2     160       4.1186       1.6215       2.3651
   0.00050     0.6462E-26       2     161       1.8275       3.2609       2.4804
   0.00050     0.6462E-26       2     162       1.9828       4.3593       5.9304
   0.00050     0.6462E-26       2     163       4.0903       2.6181       7.6116
   0.00050     0.6462E-26       2     164       2.6929       1.6985       8.4317
   0.00050     0.6462E-26       2     165       4.0941       1.6461       9.0350
   0.00050     0.6462E-26       2     166       4.0951       0.5055       9.4376
   0.00050     0.6462E-26       2     167       3.7629       0.9077       9.7535
   0.00050     0.6462E-26       2     168       2.0856       3.4427       1.6968
   0.00050     0.6462E-26       2     169       4.0882       2.9136       3.8130
   0.00050     0.6462E-26       2     170       0.9925       0.6947       0.5099
   0.00050     0.6462E-26       2     171       4.6156       3.3548       5.8525
   0.00050     0.6462E-26       2     172       1.2616       2.8611       3.6370
   0.00050     0.6462E-26       2     173       4.3223       0.7427       2.8794
   0.00050     0.6462E-26       2     174       2.7923       3.5170       8.9249
   0.00050     0.6462E-26       2     175       4.1094       4.3544       0.3093
   0.00050     0.6462E-26       2     176       1.4225       0.5509       2.5800
   0.00050     0.6462E-26       2     177       2.7324       3.1194       4.8860
   0.00050     0.6462E-26       2     178       1.8359       3.6326       5.9679
   0.00050     0.6462E-26       2     179       1.9636       4.6997       5.8195
   0.00050     0.6462E-26       2     180       3.9216       2.8045       8.1286
   0.00050     0.6462E-26       2     181       3.3485       0.1083       7.2747
   0.00050     0.6462E-26       2     182       4.9319       3.3777       2.2393
   0.00050     0.6462E-26       2     183       1.6613       0.7042       4.9598
   0.00050     0.6462E-26       2     184       2.5628       0.7078       9.8987
   0.00050     0.6462E-26       2     185       2.4045       0.9401       6.4153
   0.00050     0.6462E-26       2     186       4.7543       1.6580       1.4063
   0.00050     0.6462E-26       2     187       3.0424       0.3872       9.7138
   0.00050     0.6462E-26       2     188       1.3492       0.5286       7.4660
   0.00050     0.6462E-26       2     189       1.7034       4.9304       6.1573
   0.00050     0.6462E-26       2     190       3.4173       3.2390       5.4451
   0.00050     0.6462E-26       2     191       4.2291       3.2166       9.5569
   0.00050     0.6462E-26       2     192       0.5218       1.7614       6.4713
   0.00050     0.6462E-26       2     193       1.5378       0.6459       0.8241
   0.00050     0.6462E-26       2     194       2.6150       4.7462       8.4344
   0.00050     0.6462E-26       2     195       3.5656       2.1881       0.1588
   0.00050     0.6462E-26       2     196       2.5522       1.8180       9.7498
   0.00050     0.6462E-26       2     197       3.0395       4.6301       6.7139
   0.00050     0.6462E-26       2     198       1.2201       2.5753       4.9119
   0.00050     0.6462E-26       2     199       4.4992       1.1143       4.3533
   0.00050     0.6462E-26       2     200       0.3980       0.7818       1.3820
