   0.05000     0.9535E+06     640     125.8557
   0.10000     0.6770E+06     631      90.3184
   0.15000     0.4956E+06     565      90.5447
   0.20000     0.3665E+06     537      63.4686
   0.25000     0.2785E+06     463      72.0767
   0.30000     0.2103E+06     447      48.4310
   0.35000     0.1656E+06     399      44.8011
   0.40000     0.1329E+06     378      34.3492
   0.45000     0.1083E+06     364      34.0201
   0.50000     0.8816E+05     339      33.5142
   0.55000     0.7147E+05     328      25.8360
   0.60000     0.6033E+05     310      26.8853
   0.65000     0.5181E+05     281      23.4630
   0.70000     0.4402E+05     273      23.9636
   0.75000     0.3835E+05     254      19.6653
   0.80000     0.3278E+05     268      19.7067
   0.85000     0.2911E+05     242      18.1885
   0.90000     0.2604E+05     224      16.3284
   0.95000     0.2319E+05     245      18.6468
   1.00000     0.2081E+05     220      13.6223
   1.05000     0.1928E+05     206      18.1255
   1.10000     0.1759E+05     218      14.9540
   1.15000     0.1599E+05     216      12.8319
   1.20000     0.1498E+05     216      13.0324
   1.25000     0.1379E+05     240      11.7490
   1.30000     0.1288E+05     211      12.7473
   1.35000     0.1209E+05     230      12.7897
   1.40000     0.1146E+05     240      10.7306
   1.45000     0.1069E+05     260      11.6982
   1.50000     0.1022E+05     231      11.1074
   1.55000     0.9672E+04     246      10.8527
   1.60000     0.9217E+04     251      12.3606
   1.65000     0.8698E+04     308      12.0160
   1.70000     0.8277E+04     275      10.1290
   1.75000     0.7868E+04     330       9.6206
   1.80000     0.7461E+04     323      10.5322
   1.85000     0.7019E+04     341       9.1427
   1.90000     0.6657E+04     360      10.1463
   1.95000     0.6254E+04     392      10.6274
