   0.05000     0.3785E+00       0       0.8700
   0.10000     0.3249E+00       0       0.8062
   0.15000     0.5120E+00       0       1.0119
   0.20000     0.9397E+00       0       1.3709
   0.25000     0.1608E+01       0       1.7933
   0.30000     0.2517E+01       0       2.2435
   0.35000     0.3666E+01       0       2.7078
   0.40000     0.5056E+01       0       3.1800
   0.45000     0.6687E+01       0       3.6570
   0.50000     0.8558E+01       0       4.1371
   0.55000     0.1067E+02       0       4.6195
   0.60000     0.1302E+02       0       5.1034
   0.65000     0.1562E+02       0       5.5885
   0.70000     0.1845E+02       0       6.0744
   0.75000     0.2152E+02       0       6.5610
   0.80000     0.2484E+02       0       7.0482
   0.85000     0.2839E+02       0       7.5358
   0.90000     0.3219E+02       0       8.0237
   0.95000     0.3623E+02       0       8.5119
   1.00000     0.4050E+02       0       9.0004
   1.05000     0.4502E+02       0       9.4890
   1.10000     0.4978E+02       0       9.9779
   1.15000     0.5478E+02       0      10.4669
   1.20000     0.6002E+02       0      10.9560
   1.25000     0.6550E+02       0      11.4452
   1.30000     0.7122E+02       0      11.9346
   1.35000     0.7718E+02       0      12.4240
   1.40000     0.6868E+02       0      11.7201
   1.45000     0.6307E+02       0      11.2308
   1.50000     0.5769E+02       0      10.7416
   1.55000     0.5256E+02       0      10.2526
   1.60000     0.4766E+02       0       9.7636
   1.65000     0.4301E+02       0       9.2749
   1.70000     0.3860E+02       0       8.7863
   1.75000     0.3443E+02       0       8.2980
   1.80000     0.3050E+02       0       7.8099
   1.85000     0.2681E+02       0       7.3221
   1.90000     0.2336E+02       0       6.8346
   1.95000     0.2015E+02       0       6.3477
