   0.05000     0.9535E+06     640     125.8557
   0.10000     0.6770E+06     631      90.3176
   0.15000     0.4956E+06     565      90.5556
   0.20000     0.3673E+06     537      62.5041
   0.25000     0.2709E+06     502      51.5153
   0.30000     0.2049E+06     479      48.6550
   0.35000     0.1628E+06     412      45.5513
   0.40000     0.1304E+06     398      42.3816
   0.45000     0.1047E+06     360      40.1004
   0.50000     0.8450E+05     336      31.4296
   0.55000     0.7129E+05     322      27.6642
   0.60000     0.5939E+05     290      29.3801
   0.65000     0.5036E+05     309      23.3317
   0.70000     0.4393E+05     245      22.7019
   0.75000     0.3804E+05     237      21.6456
   0.80000     0.3378E+05     223      20.3297
   0.85000     0.2986E+05     230      17.8176
   0.90000     0.2674E+05     222      20.3240
   0.95000     0.2414E+05     201      16.4336
   1.00000     0.2185E+05     217      15.0318
   1.05000     0.1994E+05     212      15.8506
   1.10000     0.1814E+05     205      15.5293
   1.15000     0.1685E+05     225      14.4270
   1.20000     0.1558E+05     224      13.7861
   1.25000     0.1449E+05     220      12.5000
   1.30000     0.1354E+05     198      11.8932
   1.35000     0.1259E+05     219      11.8032
   1.40000     0.1191E+05     238      11.7835
   1.45000     0.1116E+05     211      10.6106
   1.50000     0.1039E+05     272      11.4267
   1.55000     0.9730E+04     267      11.0525
   1.60000     0.9169E+04     274      10.9428
   1.65000     0.8796E+04     276      11.8872
   1.70000     0.8210E+04     302      11.2796
   1.75000     0.7600E+04     334      10.9973
   1.80000     0.7099E+04     329      10.1229
   1.85000     0.6737E+04     331       9.6550
   1.90000     0.6414E+04     336       9.8900
   1.95000     0.6010E+04     349      10.2134
