   0.00000     0.1203E-04       0       0.0049       8.3849
   0.05000     0.1227E+00       0       0.4954       8.3723
   0.10000     0.4860E+00       0       0.9859       8.3352
   0.15000     0.1090E+01       0       1.4764       8.2735
   0.20000     0.1934E+01       0       1.9669       8.1873
   0.25000     0.3019E+01       0       2.4574       8.0766
   0.30000     0.4345E+01       0       2.9479       7.9413
   0.35000     0.5911E+01       0       3.4384       7.7815
   0.40000     0.7718E+01       0       3.9289       7.5972
   0.45000     0.9766E+01       0       4.4194       7.3884
   0.50000     0.1205E+02       0       4.9099       7.1550
   0.55000     0.1458E+02       0       5.4005       6.8971
   0.60000     0.1735E+02       0       5.8910       6.6147
   0.65000     0.2036E+02       0       6.3815       6.3078
   0.70000     0.2361E+02       0       6.8720       5.9763
   0.75000     0.2710E+02       0       7.3625       5.6203
   0.80000     0.3084E+02       0       7.8531       5.2398
   0.85000     0.3481E+02       0       8.3436       4.8348
   0.90000     0.3902E+02       0       8.8340       4.4052
   0.95000     0.4347E+02       0       9.3245       3.9511
   1.00000     0.4817E+02       0       9.8150       3.4725
   1.05000     0.5310E+02       0      10.3055       2.9694
   1.10000     0.5828E+02       0      10.7959       2.4417
   1.15000     0.6369E+02       0      11.2864       1.8896
   1.20000     0.6935E+02       0      11.7769       1.3129
   1.25000     0.7524E+02       0      12.2674       0.7116
   1.30000     0.8138E+02       0      12.7578       0.0859
   1.35000     0.6958E+02       0      11.7963       0.4963
   1.40000     0.6391E+02       0      11.3058       1.0737
   1.45000     0.5849E+02       0      10.8153       1.6266
   1.50000     0.5330E+02       0      10.3249       2.1550
   1.55000     0.4836E+02       0       9.8344       2.6588
   1.60000     0.4365E+02       0       9.3439       3.1382
   1.65000     0.3919E+02       0       8.8534       3.5930
   1.70000     0.3497E+02       0       8.3630       4.0233
   1.75000     0.3099E+02       0       7.8725       4.4290
   1.80000     0.2725E+02       0       7.3819       4.8103
   1.85000     0.2375E+02       0       6.8914       5.1670
   1.90000     0.2049E+02       0       6.4009       5.4992
   1.95000     0.1747E+02       0       5.9104       5.8068
   2.00000     0.1469E+02       0       5.4199       6.0900
   2.05000     0.1215E+02       0       4.9293       6.3486
   2.10000     0.9852E+01       0       4.4388       6.5827
   2.15000     0.7795E+01       0       3.9483       6.7922
   2.20000     0.5978E+01       0       3.4578       6.9772
   2.25000     0.4402E+01       0       2.9673       7.1377
   2.30000     0.3067E+01       0       2.4768       7.2737
   2.35000     0.1973E+01       0       1.9863       7.3852
   2.40000     0.1119E+01       0       1.4958       7.4721
   2.45000     0.5053E+00       0       1.0053       7.5345
   2.50000     0.1325E+00       0       0.5148       7.5724
   2.55000     0.2954E-03       0       0.0243       7.5858
   2.60000     0.1087E+00       0       0.4662       7.5746
   2.65000     0.4576E+00       0       0.9567       7.5389
   2.70000     0.1047E+01       0       1.4472       7.4787
   2.75000     0.1877E+01       0       1.9377       7.3939
   2.80000     0.2948E+01       0       2.4282       7.2847
   2.85000     0.4259E+01       0       2.9187       7.1509
   2.90000     0.5811E+01       0       3.4092       6.9925
   2.95000     0.7604E+01       0       3.8997       6.8097
   3.00000     0.9637E+01       0       4.3902       6.6023
   3.05000     0.1191E+02       0       4.8807       6.3704
   3.10000     0.1443E+02       0       5.3712       6.1140
   3.15000     0.1718E+02       0       5.8618       5.8331
   3.20000     0.2018E+02       0       6.3523       5.5276
   3.25000     0.2341E+02       0       6.8428       5.1976
   3.30000     0.2689E+02       0       7.3333       4.8431
   3.35000     0.3061E+02       0       7.8239       4.4640
   3.40000     0.3456E+02       0       8.3144       4.0604
   3.45000     0.3876E+02       0       8.8048       3.6323
   3.50000     0.4320E+02       0       9.2953       3.1797
   3.55000     0.4788E+02       0       9.7858       2.7025
   3.60000     0.5280E+02       0      10.2762       2.2009
   3.65000     0.5796E+02       0      10.7667       1.6747
   3.70000     0.6336E+02       0      11.2572       1.1240
   3.75000     0.6900E+02       0      11.7477       0.5487
   3.80000     0.4762E+02       0       9.7586       0.0316
   3.85000     0.6141E+02       0      11.0823       0.5972
   3.90000     0.5609E+02       0      10.5919       1.1390
   3.95000     0.5102E+02       0      10.1014       1.6562
   4.00000     0.4618E+02       0       9.6109       2.1488
   4.05000     0.4159E+02       0       9.1204       2.6170
   4.10000     0.3724E+02       0       8.6300       3.0606
   4.15000     0.3313E+02       0       8.1395       3.4798
   4.20000     0.2925E+02       0       7.6490       3.8743
   4.25000     0.2562E+02       0       7.1585       4.2444
   4.30000     0.2223E+02       0       6.6679       4.5899
   4.35000     0.1908E+02       0       6.1774       4.9110
   4.40000     0.1617E+02       0       5.6869       5.2074
   4.45000     0.1350E+02       0       5.1964       5.4794
   4.50000     0.1107E+02       0       4.7058       5.7268
   4.55000     0.8884E+01       0       4.2153       5.9497
   4.60000     0.6937E+01       0       3.7248       6.1481
   4.65000     0.5230E+01       0       3.2343       6.3220
   4.70000     0.3764E+01       0       2.7438       6.4713
   4.75000     0.2539E+01       0       2.2533       6.5961
   4.80000     0.1554E+01       0       1.7628       6.6964
   4.85000     0.8094E+00       0       1.2723       6.7721
   4.90000     0.3056E+00       0       0.7818       6.8234
   4.95000     0.4243E-01       0       0.2913       6.8501
   5.00000     0.1984E-01       0       0.1992       6.8523
   5.05000     0.2378E+00       0       0.6897       6.8299
   5.10000     0.6964E+00       0       1.1802       6.7831
   5.15000     0.1396E+01       0       1.6707       6.7117
   5.20000     0.2335E+01       0       2.1612       6.6157
   5.25000     0.3516E+01       0       2.6517       6.4953
   5.30000     0.4937E+01       0       3.1422       6.3503
   5.35000     0.6598E+01       0       3.6327       6.1808
   5.40000     0.8500E+01       0       4.1232       5.9868
   5.45000     0.1064E+02       0       4.6137       5.7683
   5.50000     0.1303E+02       0       5.1042       5.5252
   5.55000     0.1565E+02       0       5.5947       5.2576
   5.60000     0.1852E+02       0       6.0853       4.9655
   5.65000     0.2162E+02       0       6.5758       4.6488
   5.70000     0.2497E+02       0       7.0663       4.3077
   5.75000     0.2855E+02       0       7.5568       3.9419
   5.80000     0.3238E+02       0       8.0473       3.5517
   5.85000     0.3645E+02       0       8.5378       3.1370
   5.90000     0.4076E+02       0       9.0283       2.6977
   5.95000     0.4530E+02       0       9.5188       2.2339
   6.00000     0.5009E+02       0      10.0092       1.7456
   6.05000     0.5512E+02       0      10.4997       1.2327
   6.10000     0.6039E+02       0      10.9902       0.6954
   6.15000     0.6590E+02       0      11.4807       0.1335
   6.20000     0.5684E+02       0      10.6620       0.4052
   6.25000     0.5173E+02       0      10.1715       0.9259
   6.30000     0.4686E+02       0       9.6810       1.4221
   6.35000     0.4223E+02       0       9.1905       1.8937
   6.40000     0.3785E+02       0       8.7001       2.3409
   6.45000     0.3370E+02       0       8.2096       2.7635
   6.50000     0.2979E+02       0       7.7191       3.1616
   6.55000     0.2613E+02       0       7.2286       3.5352
   6.60000     0.2270E+02       0       6.7380       3.8842
   6.65000     0.1952E+02       0       6.2475       4.2087
   6.70000     0.1657E+02       0       5.7570       4.5087
   6.75000     0.1387E+02       0       5.2665       4.7842
   6.80000     0.1140E+02       0       4.7759       5.0351
   6.85000     0.9182E+01       0       4.2854       5.2615
   6.90000     0.7201E+01       0       3.7949       5.4634
   6.95000     0.5460E+01       0       3.3044       5.6408
   7.00000     0.3959E+01       0       2.8139       5.7936
   7.05000     0.2699E+01       0       2.3234       5.9219
   7.10000     0.1680E+01       0       1.8329       6.0257
   7.15000     0.9010E+00       0       1.3424       6.1050
   7.20000     0.3629E+00       0       0.8519       6.1597
   7.25000     0.6531E-01       0       0.3614       6.1899
   7.30000     0.8331E-02       0       0.1291       6.1956
   7.35000     0.1919E+00       0       0.6196       6.1768
   7.40000     0.6161E+00       0       1.1101       6.1334
   7.45000     0.1281E+01       0       1.6006       6.0655
   7.50000     0.2186E+01       0       2.0911       5.9731
   7.55000     0.3332E+01       0       2.5816       5.8561
   7.60000     0.4719E+01       0       3.0721       5.7147
   7.65000     0.6346E+01       0       3.5626       5.5487
   7.70000     0.8214E+01       0       4.0531       5.3582
   7.75000     0.1032E+02       0       4.5436       5.1431
   7.80000     0.1267E+02       0       5.0341       4.9036
   7.85000     0.1526E+02       0       5.5246       4.6395
   7.90000     0.1809E+02       0       6.0152       4.3509
   7.95000     0.2116E+02       0       6.5057       4.0377
   8.00000     0.2447E+02       0       6.9962       3.7001
   8.05000     0.2803E+02       0       7.4867       3.3379
   8.10000     0.3182E+02       0       7.9772       2.9511
   8.15000     0.3585E+02       0       8.4677       2.5399
   8.20000     0.4012E+02       0       8.9582       2.1041
   8.25000     0.4464E+02       0       9.4487       1.6438
   8.30000     0.4939E+02       0       9.9391       1.1590
   8.35000     0.5439E+02       0      10.4296       0.6497
   8.40000     0.5962E+02       0      10.9201       0.1158
   8.45000     0.5174E+02       0      10.1729       0.4021
   8.50000     0.4687E+02       0       9.6824       0.8984
   8.55000     0.4225E+02       0       9.1920       1.3701
   8.60000     0.3786E+02       0       8.7015       1.8173
   8.65000     0.3371E+02       0       8.2110       2.2400
   8.70000     0.2980E+02       0       7.7205       2.6382
   8.75000     0.2614E+02       0       7.2300       3.0118
   8.80000     0.2271E+02       0       6.7395       3.3609
   8.85000     0.1952E+02       0       6.2490       3.6855
   8.90000     0.1658E+02       0       5.7584       3.9856
   8.95000     0.1388E+02       0       5.2679       4.2611
   9.00000     0.1141E+02       0       4.7774       4.5121
   9.05000     0.9189E+01       0       4.2869       4.7386
   9.10000     0.7206E+01       0       3.7964       4.9406
   9.15000     0.5464E+01       0       3.3059       5.1180
   9.20000     0.3963E+01       0       2.8154       5.2709
   9.25000     0.2702E+01       0       2.3249       5.3993
   9.30000     0.1682E+01       0       1.8344       5.5031
   9.35000     0.9030E+00       0       1.3439       5.5825
   9.40000     0.3641E+00       0       0.8534       5.6373
   9.45000     0.6583E-01       0       0.3629       5.6676
   9.50000     0.8146E-02       0       0.1276       5.6733
   9.55000     0.1910E+00       0       0.6181       5.6546
   9.60000     0.6145E+00       0       1.1086       5.6113
   9.65000     0.1279E+01       0       1.5991       5.5435
   9.70000     0.2183E+01       0       2.0896       5.4511
   9.75000     0.3329E+01       0       2.5801       5.3342
   9.80000     0.4714E+01       0       3.0706       5.1929
   9.85000     0.6341E+01       0       3.5611       5.0269
   9.90000     0.8208E+01       0       4.0516       4.8365
   9.95000     0.1032E+02       0       4.5422       4.6215
  10.00000     0.1266E+02       0       5.0327       4.3820
  10.05000     0.1525E+02       0       5.5232       4.1180
  10.10000     0.1808E+02       0       6.0137       3.8295
  10.15000     0.2115E+02       0       6.5042       3.5164
  10.20000     0.2446E+02       0       6.9948       3.1788
  10.25000     0.2801E+02       0       7.4853       2.8167
  10.30000     0.3181E+02       0       7.9758       2.4300
  10.35000     0.3584E+02       0       8.4663       2.0189
  10.40000     0.4011E+02       0       8.9568       1.5832
  10.45000     0.4463E+02       0       9.4472       1.1229
  10.50000     0.4938E+02       0       9.9377       0.6382
  10.55000     0.5437E+02       0      10.4282       0.1289
  10.60000     0.4722E+02       0       9.7181       0.3712
  10.65000     0.4257E+02       0       9.2276       0.8448
  10.70000     0.3817E+02       0       8.7371       1.2937
  10.75000     0.3400E+02       0       8.2467       1.7182
  10.80000     0.3008E+02       0       7.7562       2.1182
  10.85000     0.2639E+02       0       7.2657       2.4936
  10.90000     0.2295E+02       0       6.7751       2.8445
  10.95000     0.1975E+02       0       6.2846       3.1709
  11.00000     0.1679E+02       0       5.7941       3.4727
  11.05000     0.1406E+02       0       5.3036       3.7500
  11.10000     0.1158E+02       0       4.8130       4.0028
  11.15000     0.9342E+01       0       4.3225       4.2311
  11.20000     0.7342E+01       0       3.8320       4.4348
  11.25000     0.5583E+01       0       3.3415       4.6140
  11.30000     0.4064E+01       0       2.8510       4.7687
  11.35000     0.2786E+01       0       2.3605       4.8989
  11.40000     0.1748E+01       0       1.8700       5.0045
  11.45000     0.9515E+00       0       1.3795       5.0857
  11.50000     0.3952E+00       0       0.8890       5.1422
  11.55000     0.7941E-01       0       0.3985       5.1743
  11.60000     0.4231E-02       0       0.0920       5.1818
  11.65000     0.1696E+00       0       0.5825       5.1649
  11.70000     0.5756E+00       0       1.0730       5.1234
  11.75000     0.1222E+01       0       1.5635       5.0573
  11.80000     0.2109E+01       0       2.0540       4.9668
  11.85000     0.3237E+01       0       2.5445       4.8517
  11.90000     0.4606E+01       0       3.0350       4.7121
  11.95000     0.6214E+01       0       3.5255       4.5479
  12.00000     0.8064E+01       0       4.0160       4.3593
  12.05000     0.1015E+02       0       4.5065       4.1461
  12.10000     0.1249E+02       0       4.9970       3.9084
  12.15000     0.1506E+02       0       5.4875       3.6461
  12.20000     0.1787E+02       0       5.9781       3.3594
  12.25000     0.2092E+02       0       6.4686       3.0481
  12.30000     0.2421E+02       0       6.9591       2.7123
  12.35000     0.2775E+02       0       7.4496       2.3519
  12.40000     0.3152E+02       0       7.9402       1.9671
  12.45000     0.3554E+02       0       8.4306       1.5577
  12.50000     0.3979E+02       0       8.9211       1.1238
  12.55000     0.4429E+02       0       9.4116       0.6653
  12.60000     0.4903E+02       0       9.9021       0.1824
  12.65000     0.4305E+02       0       9.2791       0.3021
  12.70000     0.3862E+02       0       8.7886       0.7536
  12.75000     0.3443E+02       0       8.2982       1.1807
  12.80000     0.3048E+02       0       7.8077       1.5832
  12.85000     0.2677E+02       0       7.3171       1.9612
  12.90000     0.2330E+02       0       6.8266       2.3147
  12.95000     0.2007E+02       0       6.3361       2.6436
  13.00000     0.1709E+02       0       5.8456       2.9480
  13.05000     0.1434E+02       0       5.3550       3.2279
  13.10000     0.1183E+02       0       4.8645       3.4833
  13.15000     0.9566E+01       0       4.3740       3.7141
  13.20000     0.7541E+01       0       3.8835       3.9204
  13.25000     0.5756E+01       0       3.3930       4.1022
  13.30000     0.4212E+01       0       2.9025       4.2595
  13.35000     0.2909E+01       0       2.4120       4.3922
  13.40000     0.1846E+01       0       1.9215       4.5004
  13.45000     0.1024E+01       0       1.4310       4.5841
  13.50000     0.4423E+00       0       0.9405       4.6433
  13.55000     0.1012E+00       0       0.4500       4.6779
  13.60000     0.8203E-03       0       0.0405       4.6881
  13.65000     0.1410E+00       0       0.5310       4.6736
  13.70000     0.5217E+00       0       1.0215       4.6347
  13.75000     0.1143E+01       0       1.5120       4.5713
  13.80000     0.2005E+01       0       2.0025       4.4833
  13.85000     0.3108E+01       0       2.4930       4.3708
  13.90000     0.4451E+01       0       2.9835       4.2337
  13.95000     0.6034E+01       0       3.4740       4.0722
  14.00000     0.7859E+01       0       3.9645       3.8861
  14.05000     0.9924E+01       0       4.4550       3.6755
  14.10000     0.1223E+02       0       4.9455       3.4403
  14.15000     0.1478E+02       0       5.4361       3.1807
  14.20000     0.1756E+02       0       5.9266       2.8965
  14.25000     0.2059E+02       0       6.4171       2.5878
  14.30000     0.2386E+02       0       6.9076       2.2545
  14.35000     0.2737E+02       0       7.3981       1.8968
  14.40000     0.3112E+02       0       7.8887       1.5145
  14.45000     0.3511E+02       0       8.3792       1.1076
  14.50000     0.3934E+02       0       8.8696       0.6763
  14.55000     0.4381E+02       0       9.3601       0.2204
  14.60000     0.3961E+02       0       8.9008       0.2484
  14.65000     0.3537E+02       0       8.4103       0.6811
  14.70000     0.3136E+02       0       7.9198       1.0892
  14.75000     0.2760E+02       0       7.4293       1.4728
  14.80000     0.2407E+02       0       6.9388       1.8319
  14.85000     0.2079E+02       0       6.4483       2.1665
  14.90000     0.1775E+02       0       5.9577       2.4765
  14.95000     0.1495E+02       0       5.4672       2.7620
  15.00000     0.1238E+02       0       4.9767       3.0230
  15.05000     0.1006E+02       0       4.4862       3.2594
  15.10000     0.7983E+01       0       3.9957       3.4713
  15.15000     0.6143E+01       0       3.5052       3.6587
  15.20000     0.4544E+01       0       3.0147       3.8216
  15.25000     0.3186E+01       0       2.5242       3.9600
  15.30000     0.2068E+01       0       2.0337       4.0738
  15.35000     0.1191E+01       0       1.5432       4.1631
  15.40000     0.5540E+00       0       1.0527       4.2278
  15.45000     0.1580E+00       0       0.5622       4.2681
  15.50000     0.2568E-02       0       0.0717       4.2838
  15.55000     0.8771E-01       0       0.4188       4.2750
  15.60000     0.4134E+00       0       0.9093       4.2417
  15.65000     0.9798E+00       0       1.3998       4.1838
  15.70000     0.1787E+01       0       1.8903       4.1015
  15.75000     0.2834E+01       0       2.3808       3.9946
  15.80000     0.4122E+01       0       2.8713       3.8631
  15.85000     0.5651E+01       0       3.3618       3.7072
  15.90000     0.7420E+01       0       3.8523       3.5267
  15.95000     0.9430E+01       0       4.3428       3.3217
  16.00000     0.1168E+02       0       4.8334       3.0922
  16.05000     0.1417E+02       0       5.3239       2.8381
  16.10000     0.1690E+02       0       5.8144       2.5595
  16.15000     0.1988E+02       0       6.3049       2.2564
  16.20000     0.2309E+02       0       6.7955       1.9288
  16.25000     0.2654E+02       0       7.2860       1.5766
  16.30000     0.3024E+02       0       7.7765       1.2000
  16.35000     0.3417E+02       0       8.2670       0.7987
  16.40000     0.3835E+02       0       8.7575       0.3730
  16.45000     0.3725E+02       0       8.6309       0.0839
  16.50000     0.3313E+02       0       8.1405       0.5031
  16.55000     0.2926E+02       0       7.6500       0.8977
  16.60000     0.2563E+02       0       7.1594       1.2678
  16.65000     0.2224E+02       0       6.6689       1.6134
  16.70000     0.1909E+02       0       6.1784       1.9345
  16.75000     0.1618E+02       0       5.6879       2.2310
  16.80000     0.1351E+02       0       5.1973       2.5030
  16.85000     0.1108E+02       0       4.7068       2.7505
  16.90000     0.8889E+01       0       4.2163       2.9735
  16.95000     0.6941E+01       0       3.7258       3.1719
  17.00000     0.5234E+01       0       3.2353       3.3458
  17.05000     0.3767E+01       0       2.7448       3.4952
  17.10000     0.2541E+01       0       2.2543       3.6200
  17.15000     0.1555E+01       0       1.7638       3.7204
  17.20000     0.8106E+00       0       1.2733       3.7962
  17.25000     0.3064E+00       0       0.7828       3.8474
  17.30000     0.4272E-01       0       0.2923       3.8742
  17.35000     0.1964E-01       0       0.1982       3.8764
  17.40000     0.2372E+00       0       0.6887       3.8541
  17.45000     0.6953E+00       0       1.1792       3.8073
  17.50000     0.1394E+01       0       1.6697       3.7360
  17.55000     0.2333E+01       0       2.1602       3.6401
  17.60000     0.3513E+01       0       2.6507       3.5197
  17.65000     0.4934E+01       0       3.1412       3.3748
  17.70000     0.6595E+01       0       3.6317       3.2053
  17.75000     0.8496E+01       0       4.1222       3.0114
  17.80000     0.1064E+02       0       4.6127       2.7929
  17.85000     0.1302E+02       0       5.1032       2.5499
  17.90000     0.1565E+02       0       5.5938       2.2823
  17.95000     0.1851E+02       0       6.0843       1.9902
  18.00000     0.2161E+02       0       6.5748       1.6736
  18.05000     0.2496E+02       0       7.0653       1.3325
  18.10000     0.2855E+02       0       7.5558       0.9669
  18.15000     0.3237E+02       0       8.0464       0.5767
  18.20000     0.3644E+02       0       8.5368       0.1620
  18.25000     0.3219E+02       0       8.0242       0.2706
  18.30000     0.2838E+02       0       7.5337       0.6594
  18.35000     0.2480E+02       0       7.0431       1.0237
  18.40000     0.2147E+02       0       6.5526       1.3635
  18.45000     0.1837E+02       0       6.0621       1.6787
  18.50000     0.1552E+02       0       5.5716       1.9694
  18.55000     0.1291E+02       0       5.0811       2.2356
  18.60000     0.1054E+02       0       4.5905       2.4773
  18.65000     0.8405E+01       0       4.1000       2.6944
  18.70000     0.6514E+01       0       3.6095       2.8870
  18.75000     0.4864E+01       0       3.1190       3.0551
  18.80000     0.3455E+01       0       2.6285       3.1987
  18.85000     0.2286E+01       0       2.1380       3.3177
  18.90000     0.1357E+01       0       1.6475       3.4123
  18.95000     0.6693E+00       0       1.1570       3.4822
  19.00000     0.2221E+00       0       0.6665       3.5277
  19.05000     0.1549E-01       0       0.1760       3.5487
  19.10000     0.4945E-01       0       0.3145       3.5451
  19.15000     0.3240E+00       0       0.8050       3.5170
  19.20000     0.8391E+00       0       1.2955       3.4643
  19.25000     0.1595E+01       0       1.7860       3.3872
  19.30000     0.2591E+01       0       2.2765       3.2855
  19.35000     0.3828E+01       0       2.7670       3.1593
  19.40000     0.5306E+01       0       3.2575       3.0085
  19.45000     0.7024E+01       0       3.7480       2.8333
  19.50000     0.8982E+01       0       4.2385       2.6335
  19.55000     0.1118E+02       0       4.7290       2.4092
  19.60000     0.1362E+02       0       5.2195       2.1604
  19.65000     0.1630E+02       0       5.7100       1.8870
  19.70000     0.1922E+02       0       6.2006       1.5891
  19.75000     0.2239E+02       0       6.6911       1.2667
  19.80000     0.2579E+02       0       7.1816       0.9197
  19.85000     0.2943E+02       0       7.6721       0.5483
  19.90000     0.3331E+02       0       8.1626       0.1523
  19.95000     0.2901E+02       0       7.6175       0.2641
  20.00000     0.2540E+02       0       7.1270       0.6326
