   0.05000     0.3692E+07   23127      98.7335
   0.10000     0.1054E+07   25568      56.3874
   0.15000     0.3774E+06   27250      33.6575
   0.20000     0.1903E+06   28346      27.6776
   0.25000     0.1176E+06   28695      21.3202
   0.30000     0.6579E+05   28943      15.0662
   0.35000     0.3311E+05   29143      16.3725
   0.40000     0.1573E+05   29216      10.9426
   0.45000     0.1269E+05   29356       7.3442
   0.50000     0.1361E+05   29388       7.8137
   0.55000     0.9956E+04   29420      10.4531
   0.60000     0.4827E+04   29478       5.1443
   0.65000     0.2817E+04   29472       4.3589
   0.70000     0.3266E+04   29502       7.1797
   0.75000     0.3881E+04   29526       3.8732
   0.80000     0.2085E+04   29514       3.1474
   0.85000     0.1320E+04   29524       3.0484
   0.90000     0.1326E+04   29528       2.2720
   0.95000     0.1042E+04   29527       2.7264
   1.00000     0.1321E+04   29547       1.8196
   1.05000     0.6103E+03   29532       1.8208
   1.10000     0.4324E+03   29553       1.6158
   1.15000     0.7490E+03   29552       1.4923
   1.20000     0.4217E+03   29527       1.3436
   1.25000     0.6491E+03   29546       1.8073
   1.30000     0.3246E+03   29558       1.2545
   1.35000     0.1970E+03   29555       0.8720
   1.40000     0.4881E+03   29545       1.3941
   1.45000     0.1879E+03   29568       0.9234
   1.50000     0.3414E+03   29548       1.2904
   1.55000     0.2204E+03   29553       0.8190
   1.60000     0.1061E+03   29573       0.9292
   1.65000     0.3384E+03   29550       0.8088
   1.70000     0.1050E+03   29556       1.3269
   1.75000     0.1909E+03   29558       1.0662
   1.80000     0.1772E+03   29559       0.5725
   1.85000     0.5686E+02   29556       1.0114
   1.90000     0.2355E+03   29559       0.8870
   1.95000     0.7384E+02   29570       1.1217
