   0.05000     0.7159E+05       7      83.9650
   0.10000     0.6649E+05      19      90.5650
   0.15000     0.6061E+05      10      62.5181
   0.20000     0.5825E+05      13      59.2204
   0.25000     0.5515E+05      11      52.9775
   0.30000     0.5206E+05      11      51.5967
   0.35000     0.4921E+05      16      50.9052
   0.40000     0.4596E+05      16      47.6246
   0.45000     0.4437E+05      16      47.4253
   0.50000     0.4164E+05      12      40.4205
   0.55000     0.3962E+05      14      38.3286
   0.60000     0.3662E+05      12      38.4652
   0.65000     0.3590E+05      14      36.0706
   0.70000     0.3394E+05       8      34.2484
   0.75000     0.3143E+05      12      36.5420
   0.80000     0.2999E+05      10      37.6470
   0.85000     0.2883E+05       8      34.3951
   0.90000     0.2779E+05      13      34.3516
   0.95000     0.2592E+05      13      34.0801
   1.00000     0.2537E+05      11      33.8135
   1.05000     0.2436E+05      11      32.5883
   1.10000     0.2349E+05      22      32.3052
   1.15000     0.2218E+05       8      29.8527
   1.20000     0.2173E+05       7      31.2552
   1.25000     0.2063E+05      10      30.5315
   1.30000     0.2023E+05       7      30.2551
   1.35000     0.1941E+05       5      28.9989
   1.40000     0.1873E+05       6      28.9311
   1.45000     0.1840E+05       7      28.7406
   1.50000     0.1759E+05       8      28.7213
   1.55000     0.1699E+05      10      28.4798
   1.60000     0.1639E+05       8      25.2742
   1.65000     0.1576E+05      11      25.4024
   1.70000     0.1513E+05      13      27.7998
   1.75000     0.1505E+05       8      27.4148
   1.80000     0.1444E+05      12      27.4269
   1.85000     0.1420E+05       7      27.6190
   1.90000     0.1344E+05      11      26.1339
   1.95000     0.1315E+05      10      25.2243
