   0.05000     0.3699E+07   23127      98.7734
   0.10000     0.1068E+07   25657      57.1348
   0.15000     0.3861E+06   27279      50.4719
   0.20000     0.1910E+06   28303      25.6655
   0.25000     0.1176E+06   28694      19.0860
   0.30000     0.6651E+05   28932      13.8787
   0.35000     0.3360E+05   29151      12.7080
   0.40000     0.1646E+05   29233       9.8626
   0.45000     0.1207E+05   29347       7.7572
   0.50000     0.1294E+05   29388       6.7606
   0.55000     0.8591E+04   29427       6.1685
   0.60000     0.4499E+04   29452       7.8081
   0.65000     0.2755E+04   29438       3.9187
   0.70000     0.3072E+04   29459       6.2645
   0.75000     0.3551E+04   29455       5.7117
   0.80000     0.2151E+04   29476       3.7479
   0.85000     0.1465E+04   29486       2.9808
   0.90000     0.9974E+03   29483       2.8277
   0.95000     0.8958E+03   29503       6.8728
   1.00000     0.9400E+03   29503       2.2656
   1.05000     0.5323E+03   29507       1.3275
   1.10000     0.4691E+03   29521       1.5838
   1.15000     0.3786E+03   29518       1.0518
   1.20000     0.2118E+03   29523       1.2720
   1.25000     0.3236E+03   29540       1.2699
   1.30000     0.1472E+03   29522       1.1097
   1.35000     0.1616E+03   29535       0.7238
   1.40000     0.1794E+03   29546       0.7196
   1.45000     0.8532E+02   29536       1.1690
   1.50000     0.1879E+03   29535       0.8422
   1.55000     0.8265E+02   29535       0.5896
   1.60000     0.8334E+02   29535       1.0461
   1.65000     0.1302E+03   29534       0.7547
   1.70000     0.2739E+02   29538       0.4130
   1.75000     0.1262E+03   29538       0.8286
   1.80000     0.5806E+02   29547       0.4383
   1.85000     0.4784E+02   29539       0.5487
   1.90000     0.1043E+03   29544       0.5826
   1.95000     0.1340E+02   29543       0.3139
