   0.05000     0.1203E+00       0       0.4905       8.3726
   0.10000     0.4812E+00       0       0.9810       8.3357
   0.15000     0.1083E+01       0       1.4715       8.2742
   0.20000     0.1925E+01       0       1.9620       8.1883
   0.25000     0.3007E+01       0       2.4525       8.0778
   0.30000     0.4331E+01       0       2.9430       7.9428
   0.35000     0.5894E+01       0       3.4335       7.7832
   0.40000     0.7699E+01       0       3.9240       7.5992
   0.45000     0.9744E+01       0       4.4145       7.3906
   0.50000     0.1203E+02       0       4.9050       7.1575
   0.55000     0.1456E+02       0       5.3956       6.8998
   0.60000     0.1732E+02       0       5.8861       6.6177
   0.65000     0.2033E+02       0       6.3766       6.3110
   0.70000     0.2358E+02       0       6.8671       5.9798
   0.75000     0.2707E+02       0       7.3576       5.6240
   0.80000     0.3080E+02       0       7.8482       5.2438
   0.85000     0.3477E+02       0       8.3387       4.8390
   0.90000     0.3898E+02       0       8.8291       4.4097
   0.95000     0.4343E+02       0       9.3196       3.9558
   1.00000     0.4812E+02       0       9.8101       3.4774
   1.05000     0.5305E+02       0      10.3006       2.9746
   1.10000     0.5822E+02       0      10.7910       2.4471
   1.15000     0.6364E+02       0      11.2815       1.8952
   1.20000     0.6929E+02       0      11.7720       1.3188
   1.25000     0.7518E+02       0      12.2625       0.7178
   1.30000     0.8132E+02       0      12.7529       0.0923
   1.35000     0.6963E+02       0      11.8012       0.4904
   1.40000     0.6397E+02       0      11.3107       1.0681
   1.45000     0.5854E+02       0      10.8202       1.6212
   1.50000     0.5335E+02       0      10.3298       2.1498
   1.55000     0.4841E+02       0       9.8393       2.6539
   1.60000     0.4370E+02       0       9.3488       3.1335
   1.65000     0.3924E+02       0       8.8583       3.5886
   1.70000     0.3501E+02       0       8.3679       4.0191
   1.75000     0.3103E+02       0       7.8774       4.4251
   1.80000     0.2728E+02       0       7.3869       4.8066
   1.85000     0.2378E+02       0       6.8963       5.1635
   1.90000     0.2052E+02       0       6.4058       5.4960
   1.95000     0.1750E+02       0       5.9153       5.8039
